"","node","parent","length","x","y","label","isTip","branch","angle"
"1",1,37,0.0195483995381049,0.0350935818508259,1,"Thailand",TRUE,0.0253193820817734,16.3636363636364
"2",2,34,0.0214391718630973,0.0350935818508259,3,"Bangladesh",TRUE,0.0243739959192772,49.0909090909091
"3",3,42,0.0120978233318329,0.0350935818508259,16,"France",TRUE,0.0290446701849094,261.818181818182
"4",4,35,0.0191338239789913,0.0350935818508259,19,"Cambodia",TRUE,0.0255266698613302,310.909090909091
"5",5,28,0.0233299441880894,0.0350935818508259,5,"Iran",TRUE,0.0234286097567812,81.8181818181818
"6",6,32,0.0189223555508208,0.0350935818508259,22,"Malaysia",TRUE,0.0256324040754155,360
"7",7,40,0.0170483902787838,0.0350935818508259,20,"Indonesia",TRUE,0.026569386711434,327.272727272727
"8",8,41,0.0145649374935989,0.0350935818508259,13,"Mongolia",TRUE,0.0278111131040265,212.727272727273
"9",9,40,0.0170483902787838,0.0350935818508259,21,"Nepal",TRUE,0.026569386711434,343.636363636364
"10",10,43,0.0145649374935987,0.0350935818508259,11,"Bhutan",TRUE,0.0278111131040266,180
"11",11,36,0.0211324209822038,0.0350935818508259,15,"Japan",TRUE,0.024527371359724,245.454545454545
"12",12,29,0.0246004173092919,0.0350935818508259,4,"USA",TRUE,0.0227933731961799,65.4545454545455
"13",13,31,0.0208046821200855,0.0350935818508259,7,"Colombia",TRUE,0.0246912407907831,114.545454545455
"14",14,39,0.0151847727688175,0.0350935818508259,18,"Lithuania",TRUE,0.0275011954664172,294.545454545455
"15",15,28,0.0233299441880894,0.0350935818508259,6,"Germany",TRUE,0.0234286097567812,98.1818181818182
"16",16,37,0.0195483995381049,0.0350935818508259,2,"Netherlands",TRUE,0.0253193820817734,32.7272727272727
"17",17,42,0.0120978233318329,0.0350935818508259,17,"Australia",TRUE,0.0290446701849094,278.181818181818
"18",18,31,0.0208046821200855,0.0350935818508259,8,"South America",TRUE,0.0246912407907831,130.909090909091
"19",19,43,0.0145649374935987,0.0350935818508259,12,"Peru",TRUE,0.0278111131040266,196.363636363636
"20",20,38,0.0178858934809685,0.0350935818508259,14,"China",TRUE,0.0261506351103416,229.090909090909
"21",21,30,0.0208046821200855,0.0350935818508259,9,"Gambia",TRUE,0.0246912407907831,147.272727272727
"22",22,30,0.0208046821200855,0.0350935818508259,10,"Guatemala",TRUE,0.0246912407907831,163.636363636364
"23",23,NA,0,0,12.5390625,NA,FALSE,0,205.184659090909
"24",24,23,0.00823792920699438,0.00823792920699438,18.671875,NA,FALSE,0.00411896460349719,305.539772727273
"25",25,23,0.00288073188183594,0.00288073188183594,6.40625,NA,FALSE,0.00144036594091797,104.829545454545
"26",26,25,0.00312220408955016,0.00600293597138609,8.5,NA,FALSE,0.00444183392661101,139.090909090909
"27",27,25,0.00213556131652481,0.00501629319836074,4.3125,NA,FALSE,0.00394851254009834,70.5681818181818
"28",28,27,0.00674734446437571,0.0117636376627364,5.5,NA,FALSE,0.0083899654305486,90
"29",29,27,0.00547687134317325,0.010493164541534,3.125,NA,FALSE,0.00775472886994737,51.1363636363636
"30",30,26,0.0082859637593543,0.0142888997307404,9.5,NA,FALSE,0.0101459178510632,155.454545454545
"31",31,26,0.00828596375935426,0.0142888997307404,7.5,NA,FALSE,0.0101459178510632,122.727272727273
"32",32,24,0.00793329709301075,0.0161712263000051,21.25,NA,FALSE,0.0122045777534998,347.727272727273
"33",33,24,0.00445145563760603,0.0126893848446004,16.09375,NA,FALSE,0.0104636570257974,263.352272727273
"34",34,29,0.00316124544619457,0.0136544099877286,2.25,NA,FALSE,0.0120737872646313,36.8181818181818
"35",35,33,0.00327037302723416,0.0159597578718346,18.125,NA,FALSE,0.0143245713582175,296.590909090909
"36",36,33,0.00127177602402171,0.0139611608686221,14.0625,NA,FALSE,0.0133252728566113,230.113636363636
"37",37,34,0.00189077232499238,0.015545182312721,1.5,NA,FALSE,0.0145997961502248,24.5454545454545
"38",38,36,0.00324652750123526,0.0172076883698574,13.125,NA,FALSE,0.0155844246192398,214.772727272727
"39",39,35,0.00394905121017385,0.0199088090820084,17.25,NA,FALSE,0.0179342834769215,282.272727272727
"40",40,32,0.00187396527203692,0.0180451915720421,20.5,NA,FALSE,0.0171082089360236,335.454545454545
"41",41,38,0.00332095598736962,0.020528644357227,12.25,NA,FALSE,0.0188681663635422,200.454545454545
"42",42,39,0.00308694943698458,0.022995758518993,16.5,NA,FALSE,0.0214522838005007,270
"43",43,41,2.09901540593194e-16,0.0205286443572272,11.5,NA,FALSE,0.0205286443572271,188.181818181818
