"","node","parent","length","x","y","label","isTip","branch","angle"
"1",1,37,0.00804548953324243,0.0215557052874273,4,"Thailand",TRUE,0.0175329605208061,65.4545454545455
"2",2,23,0.0215557052874273,0.0215557052874273,22,"France",TRUE,0.0107778526437136,360
"3",3,42,0.00505909865288069,0.0215557052874273,13,"Cambodia",TRUE,0.0190261559609869,212.727272727273
"4",4,39,0.00761666636374016,0.0215557052874273,19,"Iran",TRUE,0.0177473721055572,310.909090909091
"5",5,27,0.010187383702759,0.0215557052874273,11,"Malaysia",TRUE,0.0164620134360478,180
"6",6,27,0.010187383702759,0.0215557052874273,12,"Indonesia",TRUE,0.0164620134360478,196.363636363636
"7",7,43,0.00378791099493875,0.0215557052874273,1,"Mongolia",TRUE,0.0196617497899579,16.3636363636364
"8",8,33,0.00847795535279943,0.0215557052874273,20,"Nepal",TRUE,0.0173167276110276,327.272727272727
"9",9,43,0.00378791099493875,0.0215557052874273,2,"Bhutan",TRUE,0.0196617497899579,32.7272727272727
"10",10,32,0.0121337783746065,0.0215557052874273,7,"Taiwan",TRUE,0.015488816100124,114.545454545455
"11",11,42,0.00505909865288069,0.0215557052874273,14,"Japan",TRUE,0.0190261559609869,229.090909090909
"12",12,36,0.00954526739654532,0.0215557052874273,5,"Colombia",TRUE,0.0167830715891546,81.8181818181818
"13",13,28,0.0140872380674705,0.0215557052874273,10,"USA",TRUE,0.014512086253692,163.636363636364
"14",14,34,0.00889872264079098,0.0215557052874273,16,"Australia",TRUE,0.0171063439670318,261.818181818182
"15",15,40,0.00697454244848431,0.0215557052874273,3,"China",TRUE,0.0180684340631851,49.0909090909091
"16",16,38,0.00761447481027949,0.0215557052874273,15,"Guatemala",TRUE,0.0177484678822875,245.454545454545
"17",17,25,0.0127848142890532,0.0215557052874273,21,"Gambia",TRUE,0.0151632981429007,343.636363636364
"18",18,29,0.0132787752789359,0.0215557052874273,9,"South Africa",TRUE,0.0149163176479593,147.272727272727
"19",19,41,0.00505909865288053,0.0215557052874273,17,"Germany",TRUE,0.019026155960987,278.181818181818
"20",20,30,0.0125952781840736,0.0215557052874273,8,"Lithuania",TRUE,0.0152580661953905,130.909090909091
"21",21,41,0.00505909865288053,0.0215557052874273,18,"Netherlands",TRUE,0.019026155960987,294.545454545455
"22",22,35,0.010966801537805,0.0215557052874273,6,"Peru",TRUE,0.0160723045185248,98.1818181818182
"23",23,NA,0,0,18.328369140625,NA,FALSE,0,299.918767755682
"24",24,23,0.00619356842211427,0.00619356842211427,14.65673828125,NA,FALSE,0.00309678421105714,239.837535511364
"25",25,24,0.00257732257625985,0.00877089099837413,19.0625,NA,FALSE,0.0074822297102442,311.931818181818
"26",26,24,0.000884314281086327,0.0070778827032006,10.2509765625,NA,FALSE,0.00663572556265744,167.743252840909
"27",27,26,0.00429043888146768,0.0113683215846683,11.5,NA,FALSE,0.00922310214393444,188.181818181818
"28",28,26,0.00039058451675621,0.00746846721995681,9.001953125,NA,FALSE,0.0072731749615787,147.3046875
"29",29,28,0.000808462788534532,0.00827693000849134,8.00390625,NA,FALSE,0.00787269861422408,130.973011363636
"30",30,29,0.000683497094862345,0.00896042710335369,7.0078125,NA,FALSE,0.00861867855592251,114.673295454545
"31",31,25,0.000646239311667952,0.00941713031004208,17.125,NA,FALSE,0.0090940106542081,280.227272727273
"32",32,30,0.000461499809467067,0.00942192691282075,6.015625,NA,FALSE,0.00919117700808722,98.4375
"33",33,31,0.00366061962458577,0.0130777499346279,19.125,NA,FALSE,0.011247440122335,312.954545454545
"34",34,31,0.00323985233659422,0.0126569826466363,15.125,NA,FALSE,0.0110370564783392,247.5
"35",35,32,0.00116697683680155,0.0105889037496223,5.03125,NA,FALSE,0.0100054153312215,82.3295454545455
"36",36,35,0.00142153414125966,0.012010437890882,4.0625,NA,FALSE,0.0112996708202521,66.4772727272727
"37",37,36,0.0014997778633029,0.0135102157541849,3.125,NA,FALSE,0.0127603268225334,51.1363636363636
"38",38,34,0.00128424783051148,0.0139412304771478,14.25,NA,FALSE,0.013299106561892,233.181818181818
"39",39,33,0.000861288989059268,0.0139390389236871,18.25,NA,FALSE,0.0135083944291575,298.636363636364
"40",40,37,0.00107094708475812,0.014581162838943,2.25,NA,FALSE,0.0140456892965639,36.8181818181818
"41",41,39,0.00255756771085962,0.0164966066345467,17.5,NA,FALSE,0.0152178227791169,286.363636363636
"42",42,38,0.00255537615739881,0.0164966066345466,13.5,NA,FALSE,0.0152189185558472,220.909090909091
"43",43,40,0.00318663145354556,0.0177677942924885,1.5,NA,FALSE,0.0161744785657158,24.5454545454545
